100
0 10000001 7
0 10000001 49
0 10000001 73
0 10000001 58
0 10000001 30
0 10000001 72
0 10000001 44
0 10000001 78
0 10000001 23
0 10000001 9
0 10000001 40
0 10000001 65
0 10000001 92
0 10000001 42
0 10000001 87
0 10000001 3
0 10000001 27
0 10000001 29
0 10000001 40
0 10000001 12
0 10000001 3
0 10000001 69
0 10000001 9
0 10000001 57
0 10000001 60
0 10000001 33
0 10000001 99
0 10000001 78
0 10000001 16
0 10000001 35
0 10000001 97
0 10000001 26
0 10000001 12
0 10000001 67
0 10000001 10
0 10000001 33
0 10000001 79
0 10000001 49
0 10000001 79
0 10000001 21
0 10000001 67
0 10000001 72
0 10000001 93
0 10000001 36
0 10000001 85
0 10000001 45
0 10000001 28
0 10000001 91
0 10000001 94
0 10000001 57
0 10000001 1
0 10000001 53
0 10000001 8
0 10000001 44
0 10000001 68
0 10000001 90
0 10000001 24
0 10000001 96
0 10000001 30
0 10000001 3
0 10000001 22
0 10000001 66
0 10000001 49
0 10000001 24
0 10000001 1
0 10000001 53
0 10000001 77
0 10000001 8
0 10000001 28
0 10000001 33
0 10000001 98
0 10000001 81
0 10000001 35
0 10000001 13
0 10000001 65
0 10000001 14
0 10000001 63
0 10000001 36
0 10000001 25
0 10000001 69
0 10000001 15
0 10000001 94
0 10000001 29
0 10000001 1
0 10000001 17
0 10000001 95
0 10000001 5
0 10000001 4
0 10000001 51
0 10000001 98
0 10000001 88
0 10000001 23
0 10000001 5
0 10000001 82
0 10000001 52
0 10000001 66
0 10000001 16
0 10000001 37
0 10000001 38
0 10000001 44
