1000
76 10 62
13 28 46
83 45 78
84 98 55
79 70 92
13 46 10
20 46 39
75 79 54
63 97 5
74 86 76
12 8 16
67 10 77
77 18 99
4 17 11
4 90 64
85 74 65
60 5 38
79 31 94
88 93 40
15 48 19
22 54 16
13 15 91
2 9 3
71 75 25
18 57 73
70 70 72
70 88 73
82 47 30
90 72 20
64 70 73
33 29 79
47 32 85
80 33 25
3 89 85
98 87 25
54 73 68
24 84 57
97 10 91
67 83 21
37 59 59
100 91 42
47 66 45
57 26 71
96 67 6
1 23 57
8 64 34
57 41 42
53 61 85
46 100 80
6 90 18
76 86 17
26 7 46
83 83 38
76 78 55
81 88 84
20 62 88
74 32 16
66 19 66
34 44 71
54 70 59
60 83 20
75 68 11
47 2 34
84 26 67
75 12 4
10 22 55
67 53 15
72 84 72
57 71 100
71 35 27
55 47 53
75 55 81
25 25 97
51 7 31
6 74 32
65 34 26
10 55 27
95 85 81
42 35 78
78 92 39
10 36 76
97 40 88
79 6 30
59 75 48
4 64 27
82 89 7
30 25 5
30 41 28
5 20 37
51 46 69
16 58 42
22 2 57
94 41 86
77 21 90
99 70 27
82 35 76
31 20 6
59 19 85
37 33 85
46 60 87
58 20 9
62 67 78
74 35 91
52 37 89
18 56 55
29 36 86
85 7 21
52 90 42
2 1 3
12 7 78
22 97 31
30 9 85
75 18 61
100 45 18
6 56 93
85 9 98
98 41 60
80 53 38
76 21 60
4 78 15
17 53 33
18 89 10
32 14 83
3 19 75
48 62 3
30 74 67
90 67 82
16 93 89
80 22 42
90 69 60
91 41 56
46 59 25
42 7 15
4 99 54
100 68 14
30 60 84
98 4 46
27 86 68
70 87 37
73 91 41
1 22 6
51 16 83
53 52 65
98 69 74
20 24 95
42 91 58
62 46 8
91 86 32
7 25 48
72 69 8
81 14 29
80 60 28
14 65 87
19 61 77
22 64 65
8 100 13
49 34 10
2 57 53
56 35 42
62 86 17
100 84 72
63 47 47
23 79 47
21 52 78
35 35 60
28 74 83
78 71 68
6 90 7
36 65 62
46 13 17
24 26 19
87 37 94
96 55 72
57 76 70
94 75 65
50 65 61
25 43 87
61 30 32
20 56 46
51 52 94
74 98 45
88 98 54
58 85 42
4 79 33
20 56 69
1 45 6
91 2 82
9 100 8
55 82 21
32 43 54
31 47 82
67 68 52
26 92 27
74 13 7
7 38 80
6 54 76
38 2 57
87 66 72
12 83 57
91 2 12
40 67 34
63 42 23
18 95 60
64 16 62
66 75 25
68 45 5
75 9 23
97 44 60
13 94 70
86 41 9
7 68 97
48 69 67
0 55 55
8 59 6
59 83 100
83 77 98
62 44 84
40 31 94
28 2 36
91 96 80
70 15 34
59 30 95
39 43 22
34 99 40
16 53 10
31 30 58
75 18 15
59 96 91
50 22 62
66 17 16
65 81 74
59 98 12
37 17 62
9 70 2
60 68 69
39 5 38
65 77 89
91 22 82
41 98 74
20 14 88
30 64 33
51 32 31
71 52 15
67 56 15
100 70 91
53 3 4
0 65 91
97 18 34
42 63 85
52 68 11
98 22 42
87 21 91
85 93 63
66 25 14
99 13 4
36 93 63
61 18 70
63 75 34
85 68 41
67 45 84
61 34 14
8 92 17
84 18 41
5 66 37
2 96 76
70 91 100
12 25 45
61 89 91
79 48 76
74 86 67
75 83 75
41 35 64
70 42 40
6 36 66
75 30 25
39 42 75
61 71 58
1 42 57
25 63 58
6 54 76
95 52 21
9 67 98
6 57 10
15 70 53
94 20 21
35 68 35
24 29 11
73 44 1
90 14 81
52 71 98
95 82 27
10 33 56
36 4 21
27 23 13
73 81 87
6 33 77
64 81 11
72 40 83
66 68 37
84 58 56
48 16 37
98 57 37
67 89 59
29 42 62
73 100 14
97 14 17
75 23 60
33 70 76
93 91 57
61 53 3
27 63 72
58 58 81
80 70 89
32 68 96
22 45 39
53 76 77
2 86 38
75 36 52
69 77 100
87 15 84
100 35 40
36 86 34
18 61 15
17 81 100
85 73 70
100 61 33
38 100 15
100 27 67
91 74 34
7 13 96
12 55 55
84 71 12
56 22 38
21 57 20
17 43 82
66 98 21
82 70 56
17 32 44
45 4 63
12 85 59
21 88 44
32 46 61
57 85 91
31 83 25
17 79 13
52 68 7
99 41 62
13 63 44
5 97 10
93 61 47
0 20 21
55 71 19
55 99 81
82 56 91
13 17 1
44 5 97
49 11 58
67 77 35
53 77 48
100 55 38
27 97 67
37 26 33
14 72 37
62 59 95
50 69 97
91 65 22
28 11 21
6 23 99
2 48 25
74 76 22
20 11 46
79 46 84
54 93 10
61 6 25
93 26 48
64 25 83
81 8 37
45 83 96
24 57 38
38 31 43
97 96 54
44 52 32
49 47 74
87 40 57
99 97 98
0 39 48
94 53 82
95 22 15
58 91 89
4 25 17
92 31 9
43 54 4
85 73 67
41 48 10
65 18 82
25 93 2
89 99 82
82 86 16
51 39 32
89 8 11
17 36 76
64 85 30
21 1 14
100 33 89
82 65 54
36 54 38
7 33 36
16 86 46
21 61 42
21 89 97
42 73 40
79 67 41
86 15 32
69 3 81
32 60 75
3 82 67
85 2 99
67 43 16
5 95 26
43 86 20
95 62 96
13 62 100
38 10 22
59 22 76
44 33 42
71 81 41
2 21 41
12 9 17
67 48 15
27 6 1
81 69 83
5 47 66
52 71 59
28 13 37
100 54 94
25 74 22
66 96 69
62 17 11
1 55 20
1 87 71
60 4 61
28 9 52
94 30 67
56 91 37
29 75 87
16 79 40
55 4 97
45 24 7
10 22 75
74 27 60
22 84 76
95 53 33
21 81 30
20 60 75
92 4 28
94 73 33
73 41 26
96 28 17
11 60 98
79 37 2
72 15 93
85 84 21
30 17 52
51 26 61
100 63 3
43 82 22
32 98 7
88 76 98
16 12 2
25 85 66
64 96 55
86 7 52
28 62 38
7 95 21
55 12 25
36 17 39
1 94 5
42 65 78
94 62 11
100 66 13
80 2 41
31 40 41
15 27 85
50 42 68
57 87 8
94 29 22
48 100 27
88 56 9
100 76 79
81 40 43
75 97 39
85 85 34
0 42 24
66 20 11
33 39 73
35 29 87
32 81 7
83 62 4
51 65 58
66 16 67
13 55 55
59 82 94
92 40 17
36 67 58
15 87 67
25 17 18
76 45 72
37 13 100
0 53 42
68 94 26
86 23 47
12 59 63
43 44 59
82 19 81
69 96 28
49 32 95
33 35 34
18 75 3
91 77 4
79 100 64
30 86 56
89 48 39
19 95 1
61 56 2
36 61 83
49 48 55
59 89 41
43 72 63
38 36 53
99 3 95
47 74 14
78 23 25
57 75 18
99 99 99
47 39 84
73 94 6
63 93 100
74 83 52
54 6 54
82 45 77
84 90 42
75 91 13
92 100 81
45 38 11
56 30 6
28 88 81
64 88 26
96 23 25
94 29 61
1 13 64
53 22 1
77 91 2
49 60 88
43 9 84
20 18 1
16 86 48
77 75 10
84 5 4
86 75 33
37 77 96
17 24 45
37 56 98
28 1 34
25 65 34
44 31 91
5 4 81
21 6 39
33 60 68
85 13 84
80 74 70
5 98 52
98 80 87
85 33 65
71 76 48
85 86 56
27 56 28
84 32 46
5 19 45
53 46 81
25 54 15
86 92 88
17 73 94
100 91 18
17 8 18
52 56 84
75 63 74
45 24 72
64 15 25
97 81 53
84 48 1
7 55 85
27 23 72
89 41 20
22 75 38
62 57 13
91 63 85
15 74 4
94 13 95
68 23 60
60 81 83
33 18 17
57 28 81
50 95 41
29 71 99
45 39 5
87 78 17
91 59 33
15 12 1
78 22 46
52 20 71
0 20 25
87 70 20
99 92 73
19 80 12
77 89 75
78 13 34
82 47 46
23 70 19
23 17 75
68 13 87
40 5 31
100 6 31
63 43 23
46 13 25
53 48 15
34 38 11
63 18 95
23 7 39
34 9 32
86 14 22
93 24 72
51 36 99
84 69 3
75 93 5
83 53 23
35 43 32
42 8 52
25 60 20
95 88 7
76 7 28
72 68 30
6 12 13
22 14 70
15 81 62
43 48 99
82 24 95
17 52 13
41 54 55
78 53 78
94 54 91
100 84 31
11 97 8
37 65 24
36 64 15
55 98 32
87 63 13
57 75 37
20 39 43
1 69 27
94 11 37
90 70 34
100 66 7
13 21 19
99 60 89
77 65 16
34 92 25
7 83 47
72 53 57
27 65 77
62 18 5
82 42 37
29 16 45
54 13 86
24 24 77
19 67 40
69 11 77
84 75 56
16 66 92
34 26 6
10 86 69
39 5 87
85 96 27
53 89 74
84 1 80
31 9 91
90 37 82
100 91 95
68 47 78
23 8 13
33 56 65
90 48 65
100 23 20
74 73 98
95 20 58
36 69 53
15 14 85
61 65 100
26 54 1
80 32 67
93 5 46
57 27 68
46 18 82
28 95 81
65 77 35
79 7 62
33 12 86
28 12 87
33 20 79
34 54 33
90 63 36
92 10 71
11 78 3
43 97 35
40 58 61
58 18 38
75 52 73
30 65 81
29 72 80
48 19 14
23 34 79
82 98 10
70 16 5
53 97 9
73 66 59
44 71 96
30 15 68
34 15 71
13 64 55
33 55 85
78 12 41
45 19 56
14 59 83
39 62 100
85 71 33
45 12 15
41 85 37
61 9 64
93 79 38
80 66 44
29 90 66
95 11 94
84 63 8
75 69 6
77 61 9
32 77 66
12 71 89
11 5 82
8 44 91
43 99 74
100 87 47
71 8 8
70 100 38
8 87 8
68 88 5
14 30 25
54 28 35
16 81 32
3 83 27
26 91 40
80 5 56
58 16 65
8 2 87
38 15 17
2 72 59
23 74 80
55 94 27
49 22 17
49 18 95
30 5 55
43 58 83
37 54 52
97 76 47
56 92 59
29 25 59
68 85 59
97 58 73
100 90 10
73 93 3
21 53 4
11 72 92
22 41 17
85 67 94
4 42 74
4 87 25
59 78 24
80 94 17
35 57 4
19 54 59
12 100 82
57 64 92
95 61 13
97 40 45
98 13 29
38 13 25
60 98 27
19 77 96
46 13 67
2 59 23
97 48 53
98 96 13
70 44 46
58 99 46
17 37 79
48 48 69
23 76 96
38 96 19
56 84 29
0 44 99
19 13 36
79 69 11
75 40 70
91 5 25
67 12 75
83 39 80
63 5 13
34 14 7
69 62 92
66 69 9
99 70 86
81 3 94
49 78 52
5 5 86
50 22 39
100 9 27
46 74 16
60 34 72
93 94 28
100 6 94
74 35 78
12 88 91
84 79 77
19 15 33
98 38 32
61 11 30
23 60 91
14 12 58
91 77 63
35 87 31
52 23 15
90 69 64
3 66 73
73 67 79
81 64 70
52 27 39
13 47 81
30 5 25
41 5 75
24 98 37
16 46 80
28 53 36
9 76 39
5 42 25
43 89 76
99 10 38
14 58 26
38 73 58
53 92 12
47 1 94
73 9 85
16 81 80
83 77 15
2 36 39
34 59 57
16 20 13
12 98 95
76 58 19
52 22 97
54 12 86
5 34 58
20 98 70
88 5 55
79 94 60
49 86 5
83 12 56
43 41 16
31 57 62
6 26 84
87 81 48
41 87 80
96 44 13
53 6 61
56 1 93
44 26 6
100 1 1
36 98 30
12 65 66
2 93 86
57 58 89
55 3 20
66 90 100
89 48 41
90 76 61
0 71 40
29 37 5
75 28 25
97 82 93
86 67 92
52 29 5
34 64 3
65 89 98
99 77 4
9 67 78
77 83 32
19 71 93
1 73 59
96 100 18
4 80 61
90 58 66
11 45 47
38 42 11
97 44 64
19 38 41
67 7 97
70 72 24
50 22 86
71 28 11
46 26 68
4 57 29
53 66 72
7 29 86
72 98 89
41 85 26
99 95 91
5 92 68
36 32 85
41 31 52
55 84 13
91 10 23
61 12 61
48 64 69
76 41 73
3 75 98
92 3 36
24 66 29
42 13 34
42 93 63
28 16 5
36 87 6
48 39 20
51 16 84
30 94 18
37 3 58
94 7 87
82 87 30
67 43 20
86 89 75
0 89 69
59 72 79
62 48 83
81 64 71
18 13 17
47 12 95
49 2 81
61 87 41
6 27 73
87 20 40
13 98 74
57 98 14
36 42 44
74 77 38
22 34 52
54 84 33
69 91 72
31 37 19
34 29 29
50 58 100
91 24 30
31 80 31
54 31 99
90 78 19
65 19 26
1 28 70
3 31 48
99 58 92
24 8 15
60 87 90
77 83 58
4 95 82
37 87 8
35 64 17
87 37 39
31 8 81
4 8 40
65 77 76
15 81 30
93 81 97
38 20 36
55 48 15
62 90 75
55 65 61
53 85 73
5 21 40
52 79 95
43 47 33
72 73 82
21 94 36
59 60 85
33 58 9
80 25 64
53 100 79
