20
2 1 2
3 0 0 0
4 0 0 0 1
25 18 6 8 8 24 3 11 14 19 12 0 26 18 19 22 16 6 24 29 15 10 14 28 17 21
50 11 42 32 96 79 21 70 84 72 27 34 40 83 72 98 30 63 47 50 30 73 14 59 22 47 24 82 35 32 4 54 43 98 86 40 78 59 62 62 83 41 48 23 24 72 22 54 35 21 57
25 2 20 16 1 15 15 14 27 26 5 16 9 13 17 24 15 12 15 14 27 14 14 3 20 7
80 79 171 180 243 95 149 24 88 154 136 69 232 219 210 123 30 183 163 87 29 94 149 249 101 89 214 242 80 86 15 99 165 186 131 11 134 133 137 222 37 23 143 19 242 104 244 124 139 9 63 168 103 212 19 205 154 233 49 234 69 65 185 87 103 169 200 237 52 87 62 89 110 205 210 204 161 57 79 153 66
25 11 17 28 5 17 24 1 8 25 29 7 15 13 8 8 3 21 18 9 26 4 13 13 23 8
8 2 8 9 7 3 6 1 2
8 9 3 1 9 4 7 8 4
80 142 71 22 105 193 79 111 28 128 197 200 45 132 37 149 51 89 136 103 176 198 44 36 6 107 92 167 164 171 70 230 166 244 104 123 187 183 234 67 62 181 17 209 165 156 108 69 245 245 172 171 45 69 59 51 176 152 71 90 175 243 172 91 89 27 66 128 62 50 196 124 83 213 186 249 120 44 68 115 141
4 2 2 2 2
100 390 370 379 398 390 399 376 387 382 391 384 384 378 374 379 378 394 394 391 389 396 378 390 389 383 396 373 388 389 385 370 371 377 371 399 398 392 376 377 375 389 383 389 389 387 399 397 373 385 380 384 381 389 374 371 394 393 396 374 382 382 397 376 381 398 375 371 391 373 370 396 384 384 377 395 393 398 392 397 383 395 373 387 384 378 380 370 371 376 374 375 388 393 381 392 392 379 385 375 374
25 16 17 3 6 5 16 23 29 14 28 21 2 29 3 29 0 18 28 5 10 9 6 23 8 25
50 46 35 37 91 53 43 73 28 25 91 10 18 17 36 63 55 90 58 30 4 71 61 33 85 89 73 4 51 5 50 68 3 85 6 95 39 49 20 67 26 63 77 96 81 65 60 36 55 70 18
2 1 1
50 40 42 98 13 98 90 24 90 9 81 19 36 32 55 94 4 79 69 73 76 50 55 60 42 79 84 93 5 21 67 4 13 61 54 26 59 44 2 2 6 84 21 42 68 28 89 72 8 58 98
80 27 99 157 66 202 17 141 235 118 48 184 195 26 55 16 178 204 28 58 93 28 197 55 172 24 195 0 75 247 33 162 127 132 171 193 84 189 84 171 159 235 207 104 11 12 222 41 216 102 100 162 232 149 217 154 173 15 6 101 114 40 13 241 172 37 37 109 78 121 30 237 106 90 91 220 102 165 11 69 17
8 5 0 3 6 1 0 6 3
50 36 8 53 48 3 33 33 48 90 54 67 46 68 29 0 46 88 97 49 90 3 33 63 97 53 92 86 25 52 96 75 88 57 29 36 60 14 21 60 4 28 27 50 48 56 2 94 97 99 43
