20
292 381 558
20
10 38 218
12 148 673
10 471 330
844 732 240
406 298 322
691 617 121
752 545 241
410 301 823
155 641 273
955 165 121
84 320 64
56 60 93
18 48 239
928 925 34
308 625 182
13 13 701
630 13 212
124 304 913
289 242 458
696 822 421
788 804 781
20
447 71 70
274 994 525
577 199 427
543 963 263
438 11 11
484 844 38
54 125 371
123 10 217
797 403 18
41 527 163
487 10 171
16 762 912
10 932 68
694 118 222
759 10 22
670 917 553
107 871 413
119 82 410
614 472 670
230 100 99
382 993 459
20
917 103 568
776 500 372
18 900 13
92 367 16
803 755 414
94 321 521
746 421 216
313 321 18
628 147 561
451 65 898
747 179 336
249 37 590
397 166 431
248 550 433
42 76 10
94 56 10
353 963 11
307 821 100
29 994 478
588 35 454
459 394 656
20
42 63 382
96 248 26
81 18 126
17 232 81
683 539 847
642 336 827
449 20 400
50 57 835
23 301 69
564 917 28
647 366 151
532 768 739
812 402 741
139 237 804
55 148 357
173 84 184
284 92 851
646 18 568
318 656 760
313 12 79
658 874 116
20
201 149 224
18 834 789
41 90 23
28 615 25
435 144 568
777 41 921
129 375 447
256 804 531
439 63 10
223 324 105
54 204 977
669 10 66
23 99 12
132 600 90
302 77 38
354 406 307
328 182 53
14 203 633
914 978 14
300 15 542
737 308 815
20
11 117 72
13 23 13
220 939 229
215 852 88
20 563 36
544 713 524
98 626 333
15 401 270
35 232 110
546 458 955
25 351 194
27 239 494
675 206 38
40 107 844
16 69 753
431 504 123
33 10 11
938 82 14
151 186 974
230 174 22
397 405 835
20
335 775 229
103 640 993
166 43 570
560 10 113
59 73 39
358 11 741
63 342 886
116 284 622
415 788 10
126 100 45
23 606 19
719 107 160
13 328 856
111 51 451
12 32 22
755 620 357
10 685 618
434 49 261
615 10 943
66 535 921
100 100 100
5
40 70 30
30 10 40
20 20 50
10 50 90
40 10 20
827 994 940
20
262 846 390
19 543 52
839 400 405
23 859 592
420 513 357
562 331 218
497 141 492
748 632 524
15 722 48
80 521 176
815 533 62
508 51 171
19 291 136
674 895 157
325 10 62
209 362 439
12 50 10
88 373 711
13 58 274
287 342 443
390 818 745
20
208 14 139
694 107 395
23 987 19
25 786 329
493 104 401
200 122 23
50 386 241
827 128 73
45 961 682
206 366 86
15 71 282
12 293 553
650 454 495
148 385 497
392 968 334
199 387 39
973 51 280
354 11 672
493 127 17
540 308 143
552 962 915
20
213 199 214
461 68 134
63 907 730
65 595 102
24 466 531
526 10 610
57 10 181
678 30 12
511 536 368
296 18 772
254 10 495
784 40 65
12 63 668
723 11 306
255 706 292
202 104 51
141 46 500
478 159 683
44 319 28
271 192 163
868 903 789
20
12 103 782
696 535 181
632 98 10
154 74 998
10 240 300
95 10 698
26 196 686
384 930 414
12 163 161
163 38 440
422 15 637
355 25 10
740 26 930
277 740 302
328 129 135
20 714 250
39 730 61
822 578 333
639 23 10
485 16 75
292 264 512
20
909 302 261
705 597 823
291 51 126
28 697 57
593 31 826
311 256 57
292 14 47
29 730 716
12 529 146
768 16 439
37 472 15
350 192 34
163 468 238
69 173 10
203 72 690
424 875 213
223 593 292
151 46 10
88 90 16
773 653 711
536 749 776
20
55 10 724
122 264 654
10 980 98
494 242 170
159 814 813
615 278 95
251 298 381
310 43 52
735 913 69
195 29 266
15 324 268
12 831 11
19 148 12
30 323 24
417 186 702
799 890 338
79 615 470
540 62 142
206 132 220
347 15 916
181 750 819
20
60 10 576
303 39 917
158 159 42
16 499 333
115 959 782
841 229 358
142 10 742
181 750 819
53 588 951
668 160 18
10 66 238
865 416 10
374 107 988
149 926 470
59 223 914
11 564 201
23 24 28
10 359 455
818 159 841
132 963 10
601 522 597
20
107 130 377
48 878 702
250 217 15
102 122 80
271 229 510
72 30 15
422 124 414
784 295 10
550 564 649
359 792 57
95 12 248
112 270 247
446 281 64
11 379 328
918 147 824
187 156 112
114 28 482
16 809 83
19 64 123
701 48 25
905 801 686
20
96 702 733
255 767 766
813 66 80
561 418 216
37 778 95
765 818 433
869 761 45
270 635 304
623 356 44
871 407 13
12 303 607
972 148 951
374 280 16
179 191 583
38 552 19
22 91 66
243 981 10
13 171 864
91 11 129
168 728 757
100 100 100
1
100 100 100
991 827 352
20
29 560 929
139 681 102
144 853 10
84 729 80
218 20 67
140 80 901
428 20 500
520 970 128
422 419 30
413 101 192
467 448 501
32 939 684
34 20 38
251 317 132
588 437 10
648 21 79
391 25 14
499 22 24
854 77 361
405 25 20
686 595 72
20
484 559 115
352 42 892
44 674 953
686 616 366
992 981 409
421 30 197
744 359 16
716 150 327
50 518 235
207 212 177
20 430 588
551 690 970
25 238 408
44 14 140
68 708 337
235 952 283
68 851 120
21 790 505
275 336 987
131 552 16
