20
5 4
1 2 0 1 1
1 2 0 1 0
1 1 0 0 0
5 5 0 1 4
1 2 0 1 1
1 2 0 1 1
1000000 1000000
779706507 127228413 432241190 590050086 381005249
1 1 0 0 0
781423 41766 57495812 32708620 803046278
257837 999058 948956822 172010995 356851834
851916796 13667531 614669079 302205061 927323532
929908049 26628041 428786183 192857828 194486670
964008 1000000
218757033 484087490 190485717 452451758 637357587
1 4 92365621 563117510 120877408
372459 293956 924866339 258174601 935236574
802350 626286 511852829 610825331 870359735
803371058 381278541 259546215 801276508 52770747
896995282 339947235 665583038 392908521 690963242
981942 1000000
880262385 899988856 22926508 844898017 539626975
1 1 0 0 0
466641 853837 225786893 928040413 135544844
843329 337437 144083999 640923619 231146075
565873250 7371509 679047578 855894921 575886706
400820209 465073844 609122071 153000443 439831093
5 4
0 0 0 0 0
1 2 0 1 0
1 1 0 0 0
1 1 0 0 0
0 0 0 0 0
0 0 0 0 0
904591 1000000
554982892 373573367 922146736 707854248 822645329
4 4 638886729 244454287 698827306
899994 594343 353405505 98894121 947887315
254978 111830 303580244 955073882 932618749
28844854 675376673 337269551 311517877 997731907
173206356 617972131 496433256 366513278 230368631
927729 1000000
93566848 839386631 684671047 145276203 428441436
4 4 228334201 208255548 971796387
360778 600978 185089055 988015232 549166818
916917 724567 797430074 831676684 924460551
52399770 424311 176396773 622748789 256872180
973340043 521377427 567529131 321432530 961510958
930635 1000000
204475362 915346136 406646565 511312109 42625873
4 4 816311596 603109620 502430332
353456 285057 726523403 87417413 108299141
685296 491520 770475713 522210757 354653583
998663351 491848178 361509895 584697951 536074841
925618831 455002126 511395219 605770603 197376351
943366 1000000
793511166 170861770 907590452 906025948 18412458
3 3 457630594 282444998 708887325
368066 747579 765170049 791426000 36004587
151483 671742 242860270 680758825 687586642
222732704 28762040 438005562 394298416 85948438
5749047 109892402 378784511 804914502 587959393
5 2
1 2 0 1 1
4 4 0 0 0
1 1 0 0 0
5 5 0 0 0
0 0 0 0 0
0 0 0 0 0
1000000 1000000
351715876 130260779 84707478 301298928 638210684
2 3 583026414 673535733 798688800
588094 281834 977660697 437451197 455992094
160242 292809 706825193 85539797 32848495
831389089 26411601 863281338 804019010 823206843
538382415 134045053 168553642 540952518 12107532
1000000 1000000
498739731 652692370 92527142 630164333 827173323
2 4 221918154 795993158 180611016
549639 16189 736966428 726669695 128464987
659171 682863 366424360 498854407 678356061
264933094 396421372 190528368 762333171 761062165
203628859 562735104 901455387 380159989 865421384
909199 1000000
544884025 452281650 381575596 785160109 101955801
3 4 407098366 896673500 143275571
457837 833177 592316979 388557565 917758424
719808 512290 998230074 368907101 571061975
881715050 561636634 5116700 70111697 414073622
630357511 323389790 704741608 567149626 856471526
914471 1000000
701545856 923472186 939361813 823562223 747488237
1 3 479808674 976486628 627245346
154092 504276 149968001 934609047 705841654
14426 138691 666975680 440080640 13785892
112991589 703745999 193401493 790105447 81050151
531881426 201474856 181961842 797645996 568263941
100 100
1 2 3 4 5
1 2 3 4 5
1 2 3 4 5
1 2 3 4 5
1 2 3 4 5
1 2 3 4 5
956924 1000000
51095441 313289659 649465539 456130649 408963609
1 1 0 0 0
875096 739647 714120467 723295325 890447386
946507 209436 666348554 246289261 708778870
94345202 674834966 867744145 623205541 521338656
46868145 452266203 639075371 585235859 603182518
932890 1000000
824372830 73717817 680872808 666878696 877595385
3 2 166432320 543539689 463237778
180244 611331 741254152 795461 474174591
843131 814246 141968524 115326278 344789071
101497814 313565146 506304882 157725406 374930164
753473203 962803051 574719554 752403215 699890423
976577 1000000
176805783 776994952 232322267 688429040 718808066
4 2 666191158 854106002 580573515
406695 158264 186729762 282723571 338889585
503979 857264 406504245 242002665 337623309
956536544 141112998 71459034 609094242 496284144
207724177 333929501 999253737 237324824 345339300
1000000 1000000
970786397 341359929 949142379 637628672 961847235
1 1 534825141 195100842 752495293
878066 917394 380687037 95375099 858967487
156093 834792 710462732 755089209 952606605
242589480 464779043 154544656 136019767 240291524
797978896 834371688 876626059 827557409 585964564
1000000 1000000
414634909 134631971 630058958 945776391 221119216
2 1 816139394 677434056 699758290
571287 160246 659667022 299442334 576196904
790171 926105 511688437 308641649 576978010
890894193 400293697 31671052 493244530 881176706
308808922 10096029 374895698 327173767 713524766
